0.13083
0.087819
0.0777587
0.103768
0.108524
0.130361
0.147317
0.104699
0.0888302
0.11942
0.0827044
0.0494171
0.042144
0.060575
0.0938883
0.0719574
0.0944771
0.114129
0.0758142
0.0663467
0.0449618
0.0529832
0.0699224
0.0676228
0.112955
0.162105
0.123405
0.0886812
0.0930007
0.102931
0.117167
0.091349
0.0807123
0.116833
0.144294
0.109665
0.0603134
0.0552845
0.1006
0.13665
0.133457
0.0961622
0.0467377
0.0792362
0.112806
0.0981089
0.095885
0.0970403
0.0849111
0.0619824
0.0963085
0.153066
0.152359
0.115932
0.103556
0.119765
0.144928
0.11432
0.0800112
0.0908687
0.0988979
0.109233
0.0858262
0.0471647
0.0192796
0.00623096
0.0213948
0.0725823
0.0912478
0.0895063
0.136179
0.15932
0.143633
0.116386
0.13202
0.197517
0.238702
0.235221
0.219587
0.237739
0.216506
0.143937
0.109687
0.0722413
0.0198767
-0.0380538
-0.0959846
-0.140222
-0.189004
-0.217931
-0.224554
-0.207498
-0.165716
-0.0554153
0.0472196
0.143025
0.328972
0.474091
0.629514
0.881861
1.00825
1.09545
0.994949
0.744983
0.577371
0.371867
0.129382
-0.145583
-0.417998
-0.646559
-0.81627
-1.00628
-1.05825
-1.10901
-1.1496
-0.911784
-0.578418
-0.254535
0.101219
0.408266
0.848962
1.27289
1.23515
1.38324
1.56918
1.24828
0.909844
0.849875
0.770105
0.439169
0.0876965
-0.198248
-0.430226
-0.559105
-0.656035
-0.711405
-0.669492
-0.602357
-0.470742
-0.312774
-0.16813
-0.00871157
0.150229
0.238686
0.365299
0.510336
0.497442
0.496477
0.485959
0.353963
0.290071
0.25386
0.158385
0.127946
0.0922621
0.0368844
0.0521348
0.0611209
0.049118
0.0421533
0.0464998
0.0828393
0.0919324
0.0614111
0.060598
0.0676293
0.0748341
0.103532
0.120187
0.108909
0.1277
0.127088
0.0930835
0.0952968
0.0722266
0.0444049
0.0383823
0.0271281
0.0744277
0.0857369
0.08606
0.117697
0.0801316
0.0666089
0.0945286
0.0772829
0.096871
0.140964
0.12125
0.128762
0.118059
0.111848
0.114187
0.122784
0.119985
0.120099
0.137913
0.117674
0.143118
0.165356
0.127439
0.0672572
0.0292145
0.0668726
0.103959
0.0877342
0.0897284
0.124259
0.127958
0.110007
0.0832828
0.0564799
0.0508813
0.0429418
0.0559039
0.0619206
0.0530349
0.0743016
0.120331
0.107325
0.109426
0.145939
0.13412
0.14513
0.1507
0.102406
0.105831
0.149927
0.128329
0.085462
0.106286
0.124264
0.0777171
0.0812324
0.107389
0.0829049
0.0694485
